24 22 35 38 37 39 27 24 21 25 26 21 22 23 24 24 25
24 27 25 28 31 29 30 27 26 22 19 21 21 25 26 24 19
29 23 20 19 22 24 27 33 26 16 18 24 23 22 22 25 28
34 33 24 22 22 23 30 23 17 17 24 28 23 18 24 29 34
27 28 27 23 25 23 22 23 21 23 26 25 25 21 22 27 30 
21 29 29 24 23 28 27 30 32 27 20 27 29 23 21 25 28 
26 23 23 18 22 28 27 26 27 25 22 22 24 22 25 28 27
21 21 21 21 20 22 20 19 27 30 24 21 24 24 30 30 29
21 21 22 18 20 19 20 23 30 28 25 19 20 23 26 23 23
26 27 26 22 21 17 19 27 33 31 27 21 23 23 23 24 25
24 27 29 30 19 20 25 34 30 31 32 27 23 27 32 29 24
18 22 26 27 25 23 32 31 27 27 31 29 27 31 26 25 26
16 17 20 19 18 19 25 26 27 28 30 29 28 27 23 28 29
23 23 20 16 12 11 17 23 29 27 24 22 22 24 22 25 29
30 23 19 17 16 12 18 28 34 30 23 25 25 27 25 27 30
24 21 22 24 22 17 25 32 32 24 24 28 30 30 32 26 22
22 21 25 26 22 21 27 29 25 22 22 29 31 30 30 24 19