24.1 22.2 35.4 38.7 37.1 39.0 27.9 24.1 21.3 25.3 26.7 21.8 22.1 23.6 24.2 24.5 25.9
24.1 27.0 25.1 28.1 31.1 29.1 30.1 27.1 26.1 22.1 19.1 21.1 21.1 25.1 26.1 24.1 19.1
29.4 23.1 20.1 19.1 22.1 24.1 27.1 33.1 26.1 16.1 18.1 24.1 23.1 22.1 22.1 25.1 28.1
34.5 33.3 24.1 22.2 22.1 23.1 30.1 23.1 17.1 17.1 24.1 28.1 23.1 18.1 24.1 29.1 34.1
27.1 28.7 27.1 23.1 25.1 23.1 22.1 23.1 21.1 23.1 26.1 25.1 25.1 21.1 22.1 27.1 30.1
21.1 29.6 29.1 24.1 23.1 28.1 27.1 30.1 32.1 27.1 20.1 27.1 29.1 23.1 21.1 25.1 28.1
26.1 23.3 23.1 18.1 22.1 28.1 27.1 26.1 27.1 25.1 22.1 22.1 24.1 22.1 25.1 28.1 27.1
21.1 21.5 21.4 21.1 20.1 22.1 20.1 19.1 27.1 30.1 24.1 21.1 24.1 24.1 30.1 30.1 29.1
21.1 21.4 22.4 18.1 20.1 19.1 20.1 23.1 30.1 28.1 25.1 19.1 20.1 23.1 26.1 23.1 23.1
26.1 27.2 26.4 22.1 21.1 17.1 19.1 27.1 33.1 31.1 27.1 21.1 23.1 23.1 23.1 24.1 25.1
24.1 27.1 29.4 30.1 19.1 20.1 25.1 34.1 30.1 31.1 32.1 27.1 23.1 27.1 32.1 29.1 24.1
18.1 22.1 26.4 27.1 25.1 23.1 32.1 31.1 27.1 27.1 31.1 29.1 27.1 31.1 26.1 25.1 26.1
16.1 17.1 20.4 19.1 18.1 19.1 25.1 26.1 27.1 28.1 30.1 29.1 28.1 27.1 23.1 28.1 29.1
23.1 23.1 20.4 16.1 12.1 11.1 17.1 23.1 29.1 27.1 24.1 22.1 22.1 24.1 22.1 25.1 29.1
30.1 23.2 19.4 17.1 16.1 12.1 18.1 28.1 34.1 30.1 23.1 25.1 25.1 27.1 25.1 27.1 30.1
24.1 21.2 22.4 24.1 22.1 17.1 25.1 32.1 32.1 24.1 24.1 28.1 30.1 30.1 32.1 26.1 22.1
22.1 21.2 25.4 26.1 22.1 21.1 27.1 29.1 25.1 22.1 22.1 29.1 31.1 30.1 30.1 24.1 19.1
34.5 33.3 24.1 22.2 22.1 23.1 30.1 23.1 17.1 17.1 24.1 28.1 23.1 18.1 24.1 29.1 34.1
27.1 28.7 27.1 23.1 25.1 23.1 22.1 23.1 21.1 23.1 26.1 25.1 25.1 21.1 22.1 27.1 30.1
34.5 33.3 24.1 22.2 22.1 23.1 30.1 23.1 17.1 17.1 24.1 28.1 23.1 18.1 24.1 29.1 34.1
27.1 28.7 27.1 23.1 25.1 23.1 22.1 23.1 21.1 23.1 26.1 25.1 25.1 21.1 22.1 27.1 30.1
29.1 27.1 24.1 22.1 22.1 24.1 22.1 25.1 29.1 30.1 23.2 19.4 17.1 16.1 12.1 18.1 28.1
34.1 30.1 23.1 25.1 25.1 27.1 25.1 27.1 30.1 34.5 33.3 24.1 22.2 22.1 23.1 22.1 22.1
24.1 22.2 35.4 38.7 37.1 39.0 27.9 24.1 21.3 25.3 26.7 21.8 22.1 23.6 24.2 24.5 25.9
21.1 21.4 22.4 18.1 20.1 19.1 20.1 23.1 30.1 28.1 25.1 19.1 20.1 23.1 26.1 23.1 23.1